C:/Users/N R/Desktop/pythonProject2/4.bmp
0 0 68.78912734985352 0 59.76654500944594 
0 0 66.44372177124023 0 59.76654500944594 
0 0 76.54623413085938 0 59.76654500944594 
C:/Users/N R/Desktop/pythonProject2/2.bmp
0 0 57.8673095703125 0 59.285571560599486 
0 0 75.17061996459961 0 59.285571560599486 
0 0 74.3898696899414 0 59.285571560599486 
0 0 51.726722717285156 0 59.285571560599486 
0 0 72.92792510986328 0 59.285571560599486 
0 0 74.0228385925293 0 59.285571560599486 
C:/Users/N R/Desktop/WhatsApp Image 2023-07-02 at 20.38.42.jpg
0 0 74.65005874633789 0 59.27700584278627 
0 0 72.8913345336914 0 59.27700584278627 
0 0 79.40060806274414 0 59.27700584278627 
0 0 76.1245002746582 0 59.27700584278627 
0 0 52.229496002197266 0 59.27700584278627 
0 0 74.59463119506836 0 59.27700584278627 
C:/Users/N R/Desktop/WhatsApp Image 2023-07-02 at 20.38.42.jpg
0 0 74.65005874633789 0 59.27700584278627 
0 0 72.8913345336914 0 59.27700584278627 
0 0 79.40060806274414 0 59.27700584278627 
0 0 76.1245002746582 0 59.27700584278627 
0 0 52.229496002197266 0 59.27700584278627 
0 0 74.59463119506836 0 59.27700584278627 
C:/Users/N R/Desktop/pythonProject2/1.bmp
0 0 48.11519813537598 0 59.268753805083435 
0 0 53.796573638916016 0 59.268753805083435 
0 0 53.23221206665039 0 59.268753805083435 
0 0 65.91625595092773 0 59.268753805083435 
0 0 64.87527465820312 0 59.268753805083435 
0 0 75.98425674438477 0 59.268753805083435 
C:/Users/N R/Desktop/WhatsApp Image 2023-07-02 at 20.38.42.jpg
0 0 74.65005874633789 0 59.27700584278627 
0 0 72.8913345336914 0 59.27700584278627 
0 0 79.40060806274414 0 59.27700584278627 
0 0 76.1245002746582 0 59.27700584278627 
0 0 52.229496002197266 0 59.27700584278627 
0 0 74.59463119506836 0 59.27700584278627 
C:/Users/N R/Desktop/WhatsApp Image 2023-07-02 at 20.38.42.jpg
0 0 74.65005874633789 0 59.27700584278627 
0 0 72.8913345336914 0 59.27700584278627 
0 0 79.40060806274414 0 59.27700584278627 
0 0 76.1245002746582 0 59.27700584278627 
0 0 52.229496002197266 0 59.27700584278627 
0 0 74.59463119506836 0 59.27700584278627 
C:/Users/N R/Desktop/WhatsApp Image 2023-07-02 at 20.38.42.jpg
0 0 74.65005874633789 0 59.27700584278627 
0 0 72.8913345336914 0 59.27700584278627 
0 0 79.40060806274414 0 59.27700584278627 
0 0 76.1245002746582 0 59.27700584278627 
0 0 52.229496002197266 0 59.27700584278627 
0 0 74.59463119506836 0 59.27700584278627 
C:/Users/N R/Desktop/WhatsApp Image 2023-07-02 at 20.36.01.jpg
0 0 50.93428039550781 0 59.78612833258759 
0 0 61.82624816894531 0 59.78612833258759 
0 0 66.95763778686523 0 59.78612833258759 
0 0 69.88064575195312 0 59.78612833258759 
0 0 62.104970932006836 0 59.78612833258759 
0 0 56.36307334899902 0 59.78612833258759 
0 0 57.94905090332031 0 59.78612833258759 
C:/Users/N R/Desktop/WhatsApp Image 2023-07-02 at 20.36.01.jpg
0 0 50.93428039550781 0 59.78612833258759 
0 0 61.82624816894531 0 59.78612833258759 
0 0 66.95763778686523 0 59.78612833258759 
0 0 69.88064575195312 0 59.78612833258759 
0 0 62.104970932006836 0 59.78612833258759 
0 0 56.36307334899902 0 59.78612833258759 
0 0 57.94905090332031 0 59.78612833258759 
C:/Users/N R/Desktop/pythonProject2/3.bmp
0 0 72.50928115844727 0 60.26710692498863 
0 0 83.3109245300293 0 60.26710692498863 
0 0 84.1635513305664 0 60.26710692498863 
0 0 77.08182525634766 0 60.26710692498863 
0 0 75.02035903930664 0 60.26710692498863 
0 0 84.10305404663086 0 60.26710692498863 
C:/Users/N R/Desktop/WhatsApp Image 2023-07-02 at 20.36.01.jpg
0 0 50.93428039550781 0 59.78612833258759 
0 0 61.82624816894531 0 59.78612833258759 
0 0 66.95763778686523 0 59.78612833258759 
0 0 69.88064575195312 0 59.78612833258759 
0 0 62.104970932006836 0 59.78612833258759 
0 0 56.36307334899902 0 59.78612833258759 
0 0 57.94905090332031 0 59.78612833258759 
C:/Users/N R/Desktop/pythonProject2/4.bmp
0 0 68.78912734985352 0 59.76654500944594 
0 0 66.44372177124023 0 59.76654500944594 
0 0 76.54623413085938 0 59.76654500944594 
C:/Users/N R/Desktop/WhatsApp Image 2023-07-02 at 20.36.01.jpg
0 0 50.93428039550781 0 59.78612833258759 
0 0 61.82624816894531 0 59.78612833258759 
0 0 66.95763778686523 0 59.78612833258759 
0 0 69.88064575195312 0 59.78612833258759 
0 0 62.104970932006836 0 59.78612833258759 
0 0 56.36307334899902 0 59.78612833258759 
0 0 57.94905090332031 0 59.78612833258759 
C:/Users/N R/Desktop/WhatsApp Image 2023-07-02 at 20.36.01.jpg
0 0 50.93428039550781 0 59.78612833258759 
0 0 61.82624816894531 0 59.78612833258759 
0 0 66.95763778686523 0 59.78612833258759 
0 0 69.88064575195312 0 59.78612833258759 
0 0 62.104970932006836 0 59.78612833258759 
0 0 56.36307334899902 0 59.78612833258759 
0 0 57.94905090332031 0 59.78612833258759 
C:/Users/N R/Desktop/WhatsApp Image 2023-07-02 at 20.36.01.jpg
0 0 50.93428039550781 0 59.78612833258759 
0 0 61.82624816894531 0 59.78612833258759 
0 0 66.95763778686523 0 59.78612833258759 
0 0 69.88064575195312 0 59.78612833258759 
0 0 62.104970932006836 0 59.78612833258759 
0 0 56.36307334899902 0 59.78612833258759 
0 0 57.94905090332031 0 59.78612833258759 
C:/Users/N R/Desktop/WhatsApp Image 2023-07-02 at 20.38.42.jpg
0 0 74.65005874633789 0 59.27700584278627 
0 0 72.8913345336914 0 59.27700584278627 
0 0 79.40060806274414 0 59.27700584278627 
0 0 76.1245002746582 0 59.27700584278627 
0 0 52.229496002197266 0 59.27700584278627 
0 0 74.59463119506836 0 59.27700584278627 
C:/Users/N R/Desktop/pythonProject2/3.bmp
0 0 72.50928115844727 0 60.26710692498863 
0 0 83.3109245300293 0 60.26710692498863 
0 0 84.1635513305664 0 60.26710692498863 
0 0 77.08182525634766 0 60.26710692498863 
0 0 75.02035903930664 0 60.26710692498863 
0 0 84.10305404663086 0 60.26710692498863 
C:/Users/N R/Desktop/pythonProject2/4.bmp
0 0 68.78912734985352 0 59.76654500944594 
0 0 66.44372177124023 0 59.76654500944594 
0 0 76.54623413085938 0 59.76654500944594 
C:/Users/N R/Desktop/WhatsApp Image 2023-07-02 at 20.38.42.jpg
N4 premium 29 36 70 70 
N3 class1 57 66 30 70 
N&7 class3 80 90 30 70 
NM#9 class2 80 90 30 70 
NM#9 class2 80 90 30 70 
C:/Users/N R/Desktop/WhatsApp Image 2023-07-02 at 20.38.42.jpg
0 0 74.65005874633789 0 59.27700584278627 
0 0 72.8913345336914 0 59.27700584278627 
0 0 79.40060806274414 0 59.27700584278627 
0 0 76.1245002746582 0 59.27700584278627 
0 0 52.229496002197266 0 59.27700584278627 
0 0 74.59463119506836 0 59.27700584278627 
C:/Users/N R/Desktop/WhatsApp Image 2023-07-02 at 20.38.42.jpg
0 0 74.65005874633789 0 59.27700584278627 
0 0 72.8913345336914 0 59.27700584278627 
0 0 79.40060806274414 0 59.27700584278627 
0 0 76.1245002746582 0 59.27700584278627 
0 0 52.229496002197266 0 59.27700584278627 
0 0 74.59463119506836 0 59.27700584278627 
C:/Users/N R/Desktop/WhatsApp Image 2023-07-02 at 20.38.42.jpg
0 0 74.65005874633789 0 59.27700584278627 
0 0 72.8913345336914 0 59.27700584278627 
0 0 79.40060806274414 0 59.27700584278627 
0 0 76.1245002746582 0 59.27700584278627 
0 0 52.229496002197266 0 59.27700584278627 
0 0 74.59463119506836 0 59.27700584278627 
C:/Users/N R/Desktop/WhatsApp Image 2023-07-02 at 20.36.01.jpg
0 0 50.93428039550781 0 59.78612833258759 
0 0 61.82624816894531 0 59.78612833258759 
0 0 66.95763778686523 0 59.78612833258759 
0 0 69.88064575195312 0 59.78612833258759 
0 0 62.104970932006836 0 59.78612833258759 
0 0 56.36307334899902 0 59.78612833258759 
0 0 57.94905090332031 0 59.78612833258759 
C:/Users/N R/Desktop/pythonProject2/4.bmp
0 0 68.78912734985352 0 59.76654500944594 
0 0 66.44372177124023 0 59.76654500944594 
0 0 76.54623413085938 0 59.76654500944594 
C:/Users/N R/Desktop/pythonProject2/4.bmp
0 0 68.78912734985352 0 59.76654500944594 
0 0 66.44372177124023 0 59.76654500944594 
0 0 76.54623413085938 0 59.76654500944594 
C:/Users/N R/Desktop/WhatsApp Image 2023-07-02 at 20.36.01.jpg
0 0 50.93428039550781 0 59.78612833258759 
0 0 61.82624816894531 0 59.78612833258759 
0 0 66.95763778686523 0 59.78612833258759 
0 0 69.88064575195312 0 59.78612833258759 
0 0 62.104970932006836 0 59.78612833258759 
0 0 56.36307334899902 0 59.78612833258759 
0 0 57.94905090332031 0 59.78612833258759 
C:/Users/N R/Desktop/WhatsApp Image 2023-07-02 at 20.36.01.jpg
0 0 50.93428039550781 0 59.78612833258759 
0 0 61.82624816894531 0 59.78612833258759 
0 0 66.95763778686523 0 59.78612833258759 
0 0 69.88064575195312 0 59.78612833258759 
0 0 62.104970932006836 0 59.78612833258759 
0 0 56.36307334899902 0 59.78612833258759 
0 0 57.94905090332031 0 59.78612833258759 
C:/Users/N R/Desktop/WhatsApp Image 2023-07-02 at 20.36.01.jpg
0 0 50.93428039550781 0 59.78612833258759 
0 0 61.82624816894531 0 59.78612833258759 
0 0 66.95763778686523 0 59.78612833258759 
0 0 69.88064575195312 0 59.78612833258759 
0 0 62.104970932006836 0 59.78612833258759 
0 0 56.36307334899902 0 59.78612833258759 
0 0 57.94905090332031 0 59.78612833258759 
C:/Users/N R/Desktop/pythonProject2/3.bmp
0 0 72.50928115844727 0 60.26710692498863 
0 0 83.3109245300293 0 60.26710692498863 
0 0 84.1635513305664 0 60.26710692498863 
0 0 77.08182525634766 0 60.26710692498863 
0 0 75.02035903930664 0 60.26710692498863 
0 0 84.10305404663086 0 60.26710692498863 
C:/Users/N R/Desktop/pythonProject2/3.bmp
0 0 72.50928115844727 0 60.26710692498863 
0 0 83.3109245300293 0 60.26710692498863 
0 0 84.1635513305664 0 60.26710692498863 
0 0 77.08182525634766 0 60.26710692498863 
0 0 75.02035903930664 0 60.26710692498863 
0 0 84.10305404663086 0 60.26710692498863 
C:/Users/N R/Desktop/pythonProject2/1.bmp
0 0 48.11519813537598 0 59.268753805083435 
0 0 53.796573638916016 0 59.268753805083435 
0 0 53.23221206665039 0 59.268753805083435 
0 0 65.91625595092773 0 59.268753805083435 
0 0 64.87527465820312 0 59.268753805083435 
0 0 75.98425674438477 0 59.268753805083435 
C:/Users/N R/Desktop/WhatsApp Image 2023-07-02 at 20.36.01.jpg
0 0 50.93428039550781 0 63.80588852141646 
0 0 61.82624816894531 0 64.3463048823143 
0 0 66.95763778686523 0 63.37304303978922 
0 0 69.88064575195312 0 62.862920985299745 
0 0 62.104970932006836 0 62.49573497456847 
0 0 56.36307334899902 0 66.12998091700267 
0 0 57.94905090332031 0 64.21957524780753 
C:/Users/N R/Desktop/WhatsApp Image 2023-07-02 at 20.38.42.jpg
0 0 74.65005874633789 0 62.8491283630458 
0 0 72.8913345336914 0 62.81967116215128 
0 0 79.40060806274414 0 64.17899349181033 
0 0 76.1245002746582 0 63.16322906966506 
0 0 52.229496002197266 0 64.3602927301386 
0 0 74.59463119506836 0 64.44523285366246 
C:/Users/N R/Desktop/WhatsApp Image 2023-07-02 at 20.36.01.jpg
0 0 50.93428039550781 0 63.80588852141646 
0 0 61.82624816894531 0 64.3463048823143 
0 0 66.95763778686523 0 63.37304303978922 
0 0 69.88064575195312 0 62.862920985299745 
0 0 62.104970932006836 0 62.49573497456847 
0 0 56.36307334899902 0 66.12998091700267 
0 0 57.94905090332031 0 64.21957524780753 
C:/Users/N R/Desktop/WhatsApp Image 2023-07-02 at 20.36.01.jpg
0 0 50.93428039550781 0 63.80588852141646 
0 0 61.82624816894531 0 64.3463048823143 
0 0 66.95763778686523 0 63.37304303978922 
0 0 69.88064575195312 0 62.862920985299745 
0 0 62.104970932006836 0 62.49573497456847 
0 0 56.36307334899902 0 66.12998091700267 
0 0 57.94905090332031 0 64.21957524780753 
C:/Users/N R/Desktop/WhatsApp Image 2023-07-02 at 20.36.01.jpg
0 0 50.93428039550781 0 63.80588852141646 
0 0 61.82624816894531 0 64.3463048823143 
0 0 66.95763778686523 0 63.37304303978922 
0 0 69.88064575195312 0 62.862920985299745 
0 0 62.104970932006836 0 62.49573497456847 
0 0 56.36307334899902 0 66.12998091700267 
0 0 57.94905090332031 0 64.21957524780753 
C:/Users/N R/Desktop/WhatsApp Image 2023-07-02 at 20.36.01.jpg
0 0 50.93428039550781 0 63.80588852141646 
0 0 61.82624816894531 0 64.3463048823143 
0 0 66.95763778686523 0 63.37304303978922 
0 0 69.88064575195312 0 62.862920985299745 
0 0 62.104970932006836 0 62.49573497456847 
0 0 56.36307334899902 0 66.12998091700267 
0 0 57.94905090332031 0 64.21957524780753 
C:/Users/N R/Desktop/pythonProject2/4.bmp
0 0 68.78912734985352 0 62.49466398202446 
0 0 66.44372177124023 0 62.6132385570417 
0 0 76.54623413085938 0 64.67798680982774 
C:/Users/N R/Desktop/pythonProject2/4.bmp
0 0 68.78912734985352 0 62.49466398202446 
0 0 66.44372177124023 0 62.6132385570417 
0 0 76.54623413085938 0 64.67798680982774 
C:/Users/N R/Desktop/pythonProject2/logo.jpg
N4 premium 29 36 70 70 
N3 class1 57 66 30 70 
N&7 class3 80 90 30 70 
NM#9 class2 80 90 30 70 
NM#9 class2 80 90 30 70 
